Time(s)	Relative Blade_disp(m)	Tower_disp(m)
0.0	0.0	0.0
0.601	0.899	0.054
1.201	0.684	0.422
1.802	0.431	0.735
2.402	0.774	0.609
3.003	0.528	0.261
3.604	0.554	-0.054
4.204	0.495	-0.058
4.805	0.338	0.222
5.405	0.534	0.477
6.006	0.623	0.541
6.607	0.583	0.403
7.207	0.342	0.162
7.808	0.373	-0.048
8.408	0.374	-0.035
9.009	0.315	0.184
9.61	0.401	0.393
10.21	0.477	0.433
10.811	0.415	0.295
11.411	0.361	0.09
12.012	0.391	-0.021
12.613	0.279	0.067
13.213	0.316	0.234
13.814	0.407	0.339
14.414	0.358	0.324
15.015	0.287	0.18
15.616	0.336	0.017
16.216	0.327	-0.006
16.817	0.386	0.138
17.417	0.463	0.34
18.018	0.588	0.456
18.619	0.504	0.424
19.219	0.42	0.247
19.82	0.365	0.044
20.42	0.375	-0.019
21.021	0.468	0.119
21.622	0.581	0.377
22.222	0.371	0.546
22.823	0.54	0.412
23.423	0.602	0.148
24.024	0.655	0.045
24.625	0.404	0.201
25.225	0.497	0.382
25.826	0.63	0.451
26.426	0.472	0.388
27.027	0.619	0.214
27.628	0.411	0.12
28.228	0.382	0.126
28.829	0.458	0.206
29.429	0.382	0.307
30.03	0.406	0.316
30.631	0.465	0.231
31.231	0.441	0.151
31.832	0.309	0.137
32.432	0.369	0.157
33.033	0.468	0.209
33.634	0.458	0.291
34.234	0.412	0.324
34.835	0.473	0.261
35.435	0.557	0.187
36.036	0.465	0.2
36.637	0.421	0.257
37.237	0.495	0.28
37.838	0.487	0.282
38.438	0.292	0.245
39.039	0.491	0.144
39.64	0.33	0.123
40.24	0.446	0.166
40.841	0.481	0.265
41.441	0.3	0.336
42.042	0.5	0.264
42.643	0.489	0.178
43.243	0.321	0.152
43.844	0.541	0.16
44.444	0.48	0.265
45.045	0.379	0.356
45.646	0.496	0.309
46.246	0.5	0.212
46.847	0.464	0.16
47.447	0.428	0.181
48.048	0.389	0.238
48.649	0.584	0.276
49.249	0.444	0.32
49.85	0.565	0.299
50.45	0.556	0.267
51.051	0.495	0.254
51.652	0.547	0.251
52.252	0.39	0.269
52.853	0.671	0.252
53.453	0.637	0.308
54.054	0.296	0.369
54.655	0.648	0.274
55.255	0.514	0.21
55.856	0.331	0.201
56.456	0.392	0.178
57.057	0.34	0.172
57.658	0.475	0.182
58.258	0.508	0.247
58.859	0.489	0.327
59.459	0.516	0.341
60.06	0.593	0.295
60.661	0.464	0.253
61.261	0.41	0.203
61.862	0.516	0.174
62.462	0.464	0.222
63.063	0.444	0.286
63.664	0.557	0.306
64.264	0.573	0.307
64.865	0.435	0.29
65.465	0.524	0.229
66.066	0.525	0.205
66.667	0.401	0.235
67.267	0.569	0.257
67.868	0.535	0.305
68.468	0.583	0.334
69.069	0.574	0.333
69.67	0.415	0.295
70.27	0.424	0.19
70.871	0.452	0.115
71.471	0.238	0.14
72.072	0.281	0.165
72.673	0.414	0.179
73.273	0.337	0.22
73.874	0.281	0.222
74.474	0.413	0.167
75.075	0.387	0.146
75.676	0.471	0.185
76.276	0.488	0.276
76.877	0.247	0.331
77.477	0.468	0.227
78.078	0.299	0.117
78.679	0.318	0.055
79.279	0.476	0.103
79.88	0.334	0.266
80.48	0.542	0.364
81.081	0.575	0.38
81.682	0.543	0.317
82.282	0.666	0.234
82.883	0.517	0.242
83.483	0.57	0.289
84.084	0.551	0.338
84.685	0.507	0.336
85.285	0.631	0.277
85.886	0.605	0.259
86.486	0.6	0.293
87.087	0.675	0.349
87.688	0.685	0.405
88.288	0.667	0.42
88.889	0.716	0.37
89.489	0.735	0.321
90.09	0.599	0.322
90.691	0.864	0.341
91.291	0.776	0.443
91.892	0.95	0.527
92.492	0.963	0.568
93.093	0.755	0.54
93.694	0.761	0.387
94.294	0.758	0.24
94.895	0.739	0.231
95.495	0.726	0.364
96.096	0.775	0.513
96.697	0.768	0.56
97.297	0.66	0.455
97.898	0.646	0.257
98.498	0.662	0.137
99.099	0.721	0.211
99.7	0.776	0.434
100.3	0.827	0.626
100.901	0.877	0.64
101.502	0.857	0.486
102.102	0.795	0.302
102.703	0.591	0.212
103.303	0.756	0.231
103.904	0.684	0.385
104.505	0.655	0.518
105.105	0.572	0.481
105.706	0.751	0.294
106.306	0.597	0.174
106.907	0.6	0.191
107.508	0.554	0.32
108.108	0.58	0.421
108.709	0.573	0.412
109.309	0.535	0.299
109.91	0.491	0.167
110.511	0.387	0.118
111.111	0.398	0.153
111.712	0.441	0.241
112.312	0.345	0.309
112.913	0.416	0.265
113.514	0.509	0.178
114.114	0.449	0.165
114.715	0.451	0.219
115.315	0.536	0.293
115.916	0.559	0.355
116.517	0.478	0.349
117.117	0.551	0.259
117.718	0.57	0.194
118.318	0.486	0.218
118.919	0.547	0.281
119.52	0.502	0.341
120.12	0.496	0.331
120.721	0.585	0.26
121.321	0.481	0.219
121.922	0.508	0.216
122.523	0.649	0.266
123.123	0.445	0.36
123.724	0.663	0.366
124.324	0.452	0.322
124.925	0.511	0.222
125.526	0.382	0.152
126.126	0.335	0.127
126.727	0.639	0.166
127.327	0.512	0.332
127.928	0.67	0.458
128.529	0.659	0.47
129.129	0.688	0.37
129.73	0.794	0.263
130.33	0.717	0.289
130.931	0.611	0.389
131.532	0.776	0.44
132.132	0.72	0.452
132.733	0.515	0.384
133.333	0.709	0.234
133.934	0.598	0.19
134.535	0.646	0.27
135.135	0.71	0.414
135.736	0.625	0.509
136.336	0.814	0.449
136.937	0.698	0.349
137.538	0.517	0.261
138.138	0.612	0.197
138.739	0.575	0.241
139.339	0.594	0.346
139.94	0.54	0.412
140.541	0.587	0.362
141.141	0.617	0.258
141.742	0.527	0.207
142.342	0.644	0.232
142.943	0.635	0.344
143.544	0.549	0.441
144.144	0.643	0.406
144.745	0.528	0.295
145.345	0.576	0.178
145.946	0.421	0.16
146.547	0.373	0.204
147.147	0.528	0.252
147.748	0.44	0.308
148.348	0.415	0.295
148.949	0.444	0.211
149.55	0.306	0.139
150.15	0.228	0.091
150.751	0.435	0.082
151.351	0.388	0.194
151.952	0.36	0.314
152.553	0.477	0.322
153.153	0.551	0.264
153.754	0.424	0.218
154.354	0.417	0.179
154.955	0.471	0.18
155.556	0.345	0.232
156.156	0.438	0.248
156.757	0.486	0.241
157.357	0.539	0.248
157.958	0.554	0.282
158.559	0.527	0.323
159.159	0.499	0.322
159.76	0.445	0.26
160.36	0.434	0.173
160.961	0.489	0.136
161.562	0.568	0.208
162.162	0.476	0.348
162.763	0.563	0.404
163.363	0.496	0.351
163.964	0.465	0.214
164.565	0.505	0.107
165.165	0.403	0.138
165.766	0.534	0.249
166.366	0.473	0.376
166.967	0.327	0.381
167.568	0.433	0.205
168.168	0.29	0.037
168.769	0.244	-0.017
169.369	0.508	0.076
169.97	0.567	0.332
170.571	0.547	0.55
171.171	0.632	0.527
171.772	0.603	0.318
172.372	0.471	0.103
172.973	0.362	0.02
173.574	0.494	0.105
174.174	0.347	0.314
174.775	0.352	0.408
175.375	0.519	0.301
175.976	0.383	0.152
176.577	0.302	0.05
177.177	0.362	0.055
177.778	0.395	0.178
178.378	0.567	0.335
178.979	0.507	0.439
179.58	0.7	0.398
180.18	0.625	0.311
180.781	0.6	0.24
181.381	0.635	0.237
181.982	0.503	0.314
182.583	0.517	0.348
183.183	0.57	0.312
183.784	0.517	0.255
184.384	0.575	0.22
184.985	0.39	0.243
185.586	0.504	0.248
186.186	0.415	0.255
186.787	0.376	0.232
187.387	0.449	0.178
187.988	0.479	0.176
188.589	0.331	0.231
189.189	0.516	0.252
189.79	0.482	0.277
190.39	0.362	0.271
190.991	0.554	0.208
191.592	0.504	0.205
192.192	0.588	0.268
192.793	0.542	0.362
193.393	0.494	0.385
193.994	0.551	0.298
194.595	0.553	0.2
195.195	0.631	0.191
195.796	0.521	0.298
196.396	0.545	0.385
196.997	0.541	0.379
197.598	0.418	0.278
198.198	0.508	0.137
198.799	0.459	0.104
199.399	0.647	0.212
200.0	0.582	0.422
200.601	0.535	0.524
201.201	0.697	0.413
201.802	0.615	0.242
202.402	0.423	0.138
203.003	0.409	0.119
203.604	0.504	0.192
204.204	0.356	0.318
204.805	0.387	0.332
205.405	0.465	0.225
206.006	0.494	0.132
206.607	0.377	0.146
207.207	0.509	0.222
207.808	0.538	0.333
208.408	0.61	0.404
209.009	0.455	0.377
209.61	0.512	0.235
210.21	0.506	0.121
210.811	0.544	0.145
211.411	0.477	0.289
212.012	0.481	0.399
212.613	0.632	0.38
213.213	0.529	0.3
213.814	0.53	0.205
214.414	0.53	0.175
215.015	0.483	0.234
215.616	0.548	0.314
216.216	0.569	0.367
216.817	0.633	0.358
217.417	0.556	0.311
218.018	0.646	0.255
218.619	0.665	0.269
219.219	0.56	0.349
219.82	0.447	0.376
220.42	0.549	0.284
221.021	0.673	0.197
221.622	0.566	0.241
222.222	0.657	0.343
222.823	0.743	0.446
223.423	0.724	0.489
224.024	0.786	0.431
224.625	0.819	0.355
225.225	0.574	0.327
225.826	0.694	0.293
226.426	0.703	0.316
227.027	0.517	0.377
227.628	0.757	0.365
228.228	0.506	0.353
228.829	0.328	0.265
229.429	0.55	0.115
230.03	0.42	0.103
230.631	0.444	0.202
231.231	0.695	0.342
231.832	0.625	0.479
232.432	0.672	0.484
233.033	0.789	0.368
233.634	0.795	0.286
234.234	0.66	0.314
234.835	0.613	0.376
235.435	0.5	0.381
236.036	0.641	0.287
236.637	0.563	0.224
237.237	0.591	0.234
237.838	0.641	0.317
238.438	0.535	0.411
239.039	0.699	0.4
239.64	0.779	0.353
240.24	0.75	0.352
240.841	0.623	0.385
241.441	0.562	0.369
242.042	0.509	0.282
242.643	0.68	0.193
243.243	0.489	0.232
243.844	0.345	0.295
244.444	0.666	0.279
245.045	0.551	0.303
245.646	0.602	0.322
246.246	0.89	0.349
246.847	0.541	0.445
247.447	0.533	0.408
248.048	0.623	0.26
248.649	0.307	0.152
249.249	0.447	0.08
249.85	0.451	0.137
250.45	0.601	0.298
251.051	0.601	0.464
251.652	0.622	0.491
252.252	0.737	0.37
252.853	0.587	0.248
253.453	0.528	0.183
254.054	0.596	0.212
254.655	0.476	0.324
255.255	0.634	0.382
255.856	0.487	0.373
256.456	0.545	0.266
257.057	0.849	0.188
257.658	0.531	0.308
258.258	0.514	0.412
258.859	0.802	0.399
259.459	0.665	0.382
260.06	0.761	0.349
260.661	0.623	0.344
261.261	0.566	0.329
261.862	0.685	0.293
262.462	0.403	0.291
263.063	0.449	0.233
263.664	0.524	0.175
264.264	0.433	0.199
264.865	0.615	0.265
265.465	0.465	0.365
266.066	0.393	0.355
266.667	0.633	0.226
267.267	0.43	0.17
267.868	0.59	0.185
268.468	0.601	0.303
269.069	0.701	0.441
269.67	0.787	0.502
270.27	0.827	0.482
270.871	0.57	0.397
271.471	0.574	0.235
272.072	0.519	0.129
272.673	0.431	0.152
273.273	0.599	0.257
273.874	0.524	0.4
274.474	0.48	0.426
275.075	0.736	0.31
275.676	0.496	0.235
276.276	0.409	0.188
276.877	0.56	0.176
277.477	0.363	0.249
278.078	0.53	0.288
278.679	0.589	0.31
279.279	0.435	0.32
279.88	0.449	0.254
280.48	0.646	0.182
281.081	0.597	0.237
281.682	0.584	0.367
282.282	0.482	0.433
282.883	0.547	0.341
283.483	0.716	0.204
284.084	0.626	0.213
284.685	0.626	0.331
285.285	0.876	0.458
285.886	0.871	0.571
286.486	0.792	0.572
287.087	0.821	0.437
287.688	0.518	0.275
288.288	0.509	0.125
288.889	0.637	0.11
289.489	0.558	0.286
290.09	0.572	0.471
290.691	0.588	0.5
291.291	0.54	0.345
291.892	0.637	0.145
292.492	0.582	0.111
293.093	0.575	0.257
293.694	0.615	0.445
294.294	0.648	0.519
294.895	0.921	0.443
295.495	0.816	0.38
296.096	0.612	0.354
296.697	0.671	0.309
297.297	0.41	0.282
297.898	0.445	0.21
298.498	0.519	0.162
299.099	0.55	0.216
299.7	0.515	0.327
300.3	0.662	0.397
300.901	0.57	0.405
301.502	0.504	0.316
302.102	0.656	0.189
302.703	0.599	0.191
303.303	0.577	0.307
303.904	0.679	0.422
304.505	0.6	0.46
305.105	0.655	0.376
305.706	0.701	0.259
306.306	0.616	0.237
306.907	0.57	0.294
307.508	0.786	0.37
308.108	0.426	0.452
308.709	0.521	0.351
309.309	0.635	0.178
309.91	0.346	0.123
310.511	0.421	0.142
311.111	0.275	0.219
311.712	0.302	0.237
312.312	0.457	0.191
312.913	0.312	0.167
313.514	0.315	0.146
314.114	0.476	0.153
314.715	0.461	0.238
315.315	0.452	0.328
315.916	0.431	0.334
316.517	0.456	0.242
317.117	0.493	0.149
317.718	0.272	0.141
318.318	0.492	0.159
318.919	0.578	0.26
319.52	0.407	0.384
320.12	0.479	0.367
320.721	0.359	0.227
321.321	0.41	0.064
321.922	0.275	0.024
322.523	0.42	0.112
323.123	0.324	0.284
323.724	0.409	0.361
324.324	0.505	0.302
324.925	0.37	0.193
325.526	0.44	0.097
326.126	0.414	0.116
326.727	0.329	0.224
327.327	0.462	0.297
327.928	0.469	0.312
328.529	0.324	0.256
329.129	0.399	0.134
329.73	0.306	0.071
330.33	0.392	0.101
330.931	0.415	0.218
331.532	0.432	0.336
332.132	0.398	0.347
332.733	0.673	0.249
333.333	0.585	0.226
333.934	0.63	0.285
334.535	0.817	0.391
335.135	0.71	0.512
335.736	0.737	0.512
336.336	0.737	0.392
336.937	0.735	0.265
337.538	0.72	0.25
338.138	0.681	0.346
338.739	0.868	0.461
339.339	0.937	0.567
339.94	0.703	0.582
340.541	0.868	0.425
341.141	0.69	0.274
341.742	0.463	0.199
342.342	0.648	0.187
342.943	0.59	0.298
343.544	0.674	0.423
344.144	0.893	0.493
344.745	0.709	0.519
345.345	0.792	0.421
345.946	0.608	0.301
346.547	0.607	0.21
347.147	0.747	0.228
347.748	0.473	0.366
348.348	0.77	0.427
348.949	0.641	0.443
349.55	0.447	0.356
350.15	0.526	0.168
350.751	0.637	0.082
351.351	0.583	0.217
351.952	0.699	0.437
352.553	0.792	0.589
353.153	0.707	0.572
353.754	0.837	0.388
354.354	0.554	0.23
354.955	0.577	0.144
355.556	0.667	0.201
356.156	0.419	0.374
356.757	0.585	0.428
357.357	0.595	0.36
357.958	0.364	0.23
358.559	0.69	0.103
359.159	0.47	0.18
359.76	0.589	0.338
360.36	0.607	0.46
360.961	0.585	0.449
361.562	0.757	0.32
362.162	0.544	0.236
362.763	0.5	0.203
363.363	0.593	0.23
363.964	0.515	0.316
364.565	0.688	0.373
365.165	0.695	0.409
365.766	0.614	0.394
366.366	0.759	0.328
366.967	0.514	0.302
367.568	0.556	0.265
368.168	0.411	0.237
368.769	0.43	0.198
369.369	0.502	0.188
369.97	0.2	0.228
370.571	0.377	0.183
371.171	0.349	0.137
371.772	0.287	0.132
372.372	0.446	0.157
372.973	0.288	0.231
373.574	0.508	0.252
374.174	0.518	0.272
374.775	0.455	0.289
375.375	0.512	0.263
375.976	0.507	0.235
376.577	0.733	0.248
377.177	0.716	0.371
377.778	0.636	0.491
378.378	0.753	0.473
378.979	0.715	0.375
379.58	0.755	0.284
380.18	0.781	0.293
380.781	0.719	0.405
381.381	0.764	0.495
381.982	0.779	0.494
382.583	0.891	0.419
383.183	0.855	0.377
383.784	0.97	0.41
384.384	0.862	0.515
384.985	0.835	0.56
385.586	1.002	0.511
386.186	0.757	0.451
386.787	0.79	0.35
387.387	0.817	0.31
387.988	0.554	0.359
388.589	0.613	0.357
389.189	0.765	0.33
389.79	0.61	0.346
390.39	0.851	0.361
390.991	0.757	0.433
391.592	0.581	0.466
392.192	0.79	0.374
392.793	0.616	0.3
393.393	0.574	0.253
393.994	0.715	0.255
394.595	0.756	0.364
395.195	0.788	0.498
395.796	0.891	0.553
396.396	0.949	0.525
396.997	0.71	0.453
397.598	0.902	0.334
398.198	0.974	0.333
398.799	0.847	0.486
399.399	0.908	0.607
400.0	0.952	0.606
400.601	0.726	0.49
401.201	0.742	0.285
401.802	0.854	0.182
402.402	0.689	0.307
403.003	0.719	0.492
403.604	0.698	0.565
404.204	0.55	0.444
404.805	0.642	0.192
405.405	0.621	0.069
406.006	0.431	0.171
406.607	0.72	0.348
407.207	0.672	0.531
407.808	0.524	0.537
408.408	0.897	0.332
409.009	0.75	0.224
409.61	0.554	0.271
410.21	0.69	0.35
410.811	0.842	0.44
411.411	0.639	0.508
412.012	0.794	0.438
412.613	0.744	0.334
413.213	0.719	0.286
413.814	0.653	0.317
414.414	0.702	0.376
415.015	0.724	0.422
415.616	0.712	0.427
416.216	0.613	0.373
416.817	0.767	0.288
417.417	0.713	0.298
418.018	0.618	0.371
418.619	0.9	0.419
419.219	1.025	0.504
419.82	0.994	0.604
420.42	1.215	0.641
421.021	1.043	0.651
421.622	0.945	0.569
422.222	1.084	0.434
422.823	1.058	0.411
423.423	1.099	0.525
424.024	1.025	0.675
424.625	0.991	0.697
425.225	0.742	0.539
425.826	0.768	0.257
426.426	0.706	0.106
427.027	0.441	0.183
427.628	0.641	0.325
428.228	0.728	0.468
428.829	0.627	0.513
429.429	0.693	0.396
430.03	0.778	0.255
430.631	0.59	0.236
431.231	0.547	0.291
431.832	0.578	0.346
432.432	0.562	0.358
433.033	0.587	0.312
433.634	0.68	0.263
434.234	0.609	0.286
434.835	0.643	0.349
435.435	0.721	0.401
436.036	0.804	0.429
436.637	0.747	0.44
437.237	0.71	0.407
437.838	0.936	0.36
438.438	0.846	0.414
439.039	0.83	0.497
439.64	0.925	0.527
440.24	0.827	0.507
440.841	0.769	0.419
441.441	0.762	0.316
442.042	0.814	0.293
442.643	0.657	0.382
443.243	0.714	0.444
443.844	0.986	0.455
444.444	0.692	0.49
445.045	0.847	0.432
445.646	1.026	0.383
446.246	0.969	0.468
446.847	0.762	0.578
447.447	0.817	0.532
448.048	1.057	0.398
448.649	0.947	0.39
449.249	0.92	0.484
449.85	1.038	0.58
450.45	1.087	0.637
451.051	1.083	0.627
451.652	0.993	0.552
452.252	1.005	0.452
452.853	0.904	0.413
453.453	1.044	0.444
454.054	1.035	0.559
454.655	1.032	0.658
455.255	1.073	0.649
455.856	1.013	0.549
456.456	0.975	0.431
457.057	0.798	0.381
457.658	0.651	0.362
458.258	0.732	0.334
458.859	0.759	0.348
459.459	0.625	0.394
460.06	0.658	0.39
460.661	0.552	0.334
461.261	0.562	0.243
461.862	0.708	0.204
462.462	0.785	0.317
463.063	0.614	0.497
463.664	0.745	0.535
464.264	0.65	0.426
464.865	0.679	0.246
465.465	0.85	0.176
466.066	0.682	0.334
466.667	0.563	0.515
467.267	0.762	0.51
467.868	0.646	0.382
468.468	0.593	0.219
469.069	0.642	0.149
469.67	0.582	0.243
470.27	0.737	0.405
470.871	0.73	0.537
471.471	0.704	0.528
472.072	0.6	0.368
472.673	0.635	0.165
473.273	0.674	0.116
473.874	0.68	0.283
474.474	0.7	0.516
475.075	0.887	0.619
475.676	0.906	0.568
476.276	0.738	0.417
476.877	0.78	0.253
477.477	0.476	0.208
478.078	0.613	0.224
478.679	0.753	0.327
479.279	0.734	0.485
479.88	0.786	0.554
480.48	0.732	0.484
481.081	0.813	0.329
481.682	0.678	0.251
482.282	0.611	0.274
482.883	0.738	0.352
483.483	0.669	0.448
484.084	0.873	0.471
484.685	0.739	0.459
485.285	0.809	0.398
485.886	0.871	0.356
486.486	0.964	0.41
487.087	0.842	0.536
487.688	0.84	0.579
488.288	0.798	0.489
488.889	0.594	0.328
489.489	0.552	0.165
490.09	0.511	0.116
490.691	0.416	0.201
491.291	0.487	0.306
491.892	0.495	0.359
492.492	0.484	0.321
493.093	0.619	0.227
493.694	0.54	0.21
494.294	0.444	0.258
494.895	0.592	0.296
495.495	0.588	0.34
496.096	0.531	0.349
496.697	0.568	0.297
497.297	0.422	0.238
497.898	0.416	0.169
498.498	0.448	0.144
499.099	0.491	0.207
499.7	0.392	0.305
500.3	0.435	0.319
500.901	0.479	0.247
501.502	0.398	0.171
502.102	0.447	0.141
502.703	0.373	0.19
503.303	0.401	0.251
503.904	0.441	0.271
504.505	0.545	0.255
505.105	0.648	0.268
505.706	0.505	0.329
506.306	0.599	0.346
506.907	0.628	0.323
507.508	0.748	0.313
508.108	0.562	0.356
508.709	0.673	0.352
509.309	0.636	0.341
509.91	0.416	0.308
510.511	0.806	0.226
511.111	0.536	0.284
511.712	0.504	0.35
512.312	0.673	0.346
512.913	0.509	0.333
513.514	0.395	0.258
514.114	0.476	0.145
514.715	0.489	0.125
515.315	0.5	0.226
515.916	0.582	0.362
516.517	0.464	0.434
517.117	0.403	0.332
517.718	0.492	0.127
518.318	0.29	0.026
518.919	0.521	0.068
519.52	0.427	0.281
520.12	0.369	0.439
520.721	0.653	0.385
521.321	0.593	0.273
521.922	0.388	0.186
522.523	0.528	0.135
523.123	0.362	0.192
523.724	0.441	0.262
524.324	0.492	0.297
524.925	0.457	0.293
525.526	0.39	0.237
526.126	0.42	0.156
526.727	0.394	0.129
527.327	0.418	0.175
527.928	0.542	0.27
528.529	0.5	0.367
529.129	0.578	0.372
529.73	0.486	0.303
530.33	0.458	0.193
530.931	0.525	0.128
531.532	0.544	0.193
532.132	0.544	0.342
532.733	0.509	0.433
533.333	0.624	0.38
533.934	0.503	0.263
534.535	0.408	0.15
535.135	0.408	0.102
535.736	0.471	0.157
536.336	0.533	0.292
536.937	0.619	0.416
537.538	0.545	0.446
538.138	0.555	0.333
538.739	0.484	0.176
539.339	0.435	0.096
539.94	0.488	0.141
540.541	0.439	0.283
541.141	0.512	0.379
541.742	0.533	0.367
542.342	0.484	0.27
542.943	0.422	0.157
543.544	0.331	0.101
544.144	0.373	0.118
544.745	0.443	0.205
545.345	0.521	0.317
545.946	0.483	0.381
546.547	0.45	0.326
547.147	0.477	0.191
547.748	0.402	0.104
548.348	0.506	0.128
548.949	0.461	0.268
549.55	0.363	0.377
550.15	0.548	0.329
550.751	0.375	0.222
551.351	0.316	0.097
551.952	0.597	0.052
552.553	0.609	0.232
553.153	0.426	0.479
553.754	0.478	0.503
554.354	0.453	0.29
554.955	0.472	0.03
555.556	0.496	-0.031
556.156	0.53	0.176
556.757	0.664	0.481
557.357	0.71	0.656
557.958	0.649	0.563
558.559	0.726	0.272
559.159	0.606	0.067
559.76	0.603	0.099
560.36	0.717	0.337
560.961	0.554	0.592
561.562	0.62	0.58
562.162	0.672	0.327
562.763	0.664	0.096
563.363	0.561	0.091
563.964	0.595	0.279
564.565	0.621	0.493
565.165	0.701	0.559
565.766	0.484	0.428
566.366	0.655	0.16
566.967	0.531	0.042
567.568	0.46	0.144
568.168	0.582	0.341
568.769	0.497	0.489
569.369	0.538	0.433
569.97	0.446	0.229
570.571	0.338	0.029
571.171	0.382	-0.028
571.772	0.446	0.126
572.372	0.488	0.377
572.973	0.546	0.515
573.574	0.59	0.44
574.174	0.374	0.229
574.775	0.287	0.0
575.375	0.256	-0.091
575.976	0.43	0.039
576.577	0.288	0.322
577.177	0.355	0.456
577.778	0.507	0.348
578.378	0.293	0.143
578.979	0.338	-0.039
579.58	0.29	-0.027
580.18	0.167	0.14
580.781	0.367	0.274
581.381	0.364	0.319
581.982	0.353	0.248
582.583	0.345	0.122
583.183	0.211	0.044
583.784	0.224	0.037
584.384	0.196	0.1
584.985	0.317	0.171
585.586	0.365	0.232
586.186	0.29	0.249
586.787	0.377	0.185
587.387	0.269	0.123
587.988	0.347	0.089
588.589	0.394	0.138
589.189	0.245	0.242
589.79	0.259	0.248
590.39	0.323	0.152
590.991	0.258	0.065
591.592	0.201	0.044
592.192	0.22	0.083
592.793	0.363	0.16
593.393	0.218	0.246
593.994	0.384	0.229
594.595	0.465	0.181
595.195	0.356	0.182
595.796	0.297	0.19
596.396	0.291	0.168
596.997	0.371	0.138
597.598	0.147	0.141
598.198	0.294	0.112
598.799	0.199	0.105
599.399	0.192	0.101
600.0	0.393	0.106
