Time(s)	Relative Blade_disp(m)	Tower_disp(m)
0.0	0.0	0.0
0.601	0.696	0.042
1.201	0.513	0.326
1.802	0.355	0.561
2.402	0.712	0.477
3.003	0.414	0.26
3.604	0.463	0.025
4.204	0.472	-0.013
4.805	0.331	0.18
5.405	0.51	0.382
6.006	0.525	0.466
6.607	0.497	0.374
7.207	0.439	0.174
7.808	0.388	0.027
8.408	0.396	0.045
9.009	0.397	0.211
9.61	0.434	0.375
10.21	0.487	0.403
10.811	0.453	0.29
11.411	0.411	0.129
12.012	0.412	0.049
12.613	0.367	0.12
13.213	0.4	0.259
13.814	0.449	0.352
14.414	0.434	0.335
15.015	0.401	0.217
15.616	0.401	0.095
16.216	0.388	0.077
16.817	0.414	0.177
17.417	0.456	0.313
18.018	0.507	0.381
18.619	0.48	0.338
19.219	0.438	0.215
19.82	0.407	0.104
20.42	0.407	0.095
21.021	0.447	0.196
21.622	0.5	0.332
22.222	0.435	0.395
22.823	0.486	0.31
23.423	0.492	0.169
24.024	0.492	0.112
24.625	0.421	0.185
25.225	0.462	0.295
25.826	0.512	0.355
26.426	0.46	0.328
27.027	0.511	0.227
27.628	0.425	0.155
28.228	0.413	0.15
28.829	0.446	0.207
29.429	0.422	0.285
30.03	0.444	0.306
30.631	0.462	0.259
31.231	0.444	0.193
31.832	0.395	0.162
32.432	0.411	0.175
33.033	0.451	0.225
33.634	0.454	0.283
34.234	0.443	0.298
34.835	0.462	0.253
35.435	0.48	0.197
36.036	0.443	0.188
36.637	0.432	0.221
37.237	0.461	0.258
37.838	0.464	0.278
38.438	0.4	0.261
39.039	0.469	0.203
39.64	0.401	0.175
40.24	0.44	0.186
40.841	0.459	0.236
41.441	0.392	0.283
42.042	0.474	0.267
42.643	0.464	0.228
43.243	0.4	0.198
43.844	0.481	0.186
44.444	0.449	0.227
45.045	0.42	0.275
45.646	0.469	0.275
46.246	0.463	0.244
46.847	0.454	0.212
47.447	0.441	0.202
48.048	0.42	0.217
48.649	0.49	0.239
49.249	0.444	0.27
49.85	0.484	0.271
50.45	0.489	0.253
51.051	0.454	0.235
51.652	0.48	0.223
52.252	0.422	0.231
52.853	0.515	0.238
53.453	0.51	0.268
54.054	0.394	0.29
54.655	0.519	0.248
55.255	0.464	0.218
55.856	0.399	0.21
56.456	0.433	0.206
57.057	0.404	0.216
57.658	0.46	0.226
58.258	0.471	0.247
58.859	0.457	0.265
59.459	0.471	0.26
60.06	0.488	0.243
60.661	0.446	0.234
61.261	0.435	0.225
61.862	0.469	0.221
62.462	0.451	0.235
63.063	0.447	0.249
63.664	0.481	0.25
64.264	0.482	0.25
64.865	0.439	0.249
65.465	0.472	0.234
66.066	0.471	0.229
66.667	0.43	0.236
67.267	0.488	0.238
67.868	0.471	0.252
68.468	0.485	0.262
69.069	0.489	0.264
69.67	0.43	0.255
70.27	0.44	0.221
70.871	0.449	0.195
71.471	0.373	0.202
72.072	0.391	0.207
72.673	0.435	0.211
73.273	0.407	0.228
73.874	0.39	0.231
74.474	0.437	0.213
75.075	0.426	0.205
75.676	0.454	0.215
76.276	0.46	0.245
76.877	0.376	0.264
77.477	0.454	0.23
78.078	0.394	0.195
78.679	0.401	0.174
79.279	0.461	0.188
79.88	0.403	0.244
80.48	0.481	0.276
81.081	0.487	0.282
81.682	0.469	0.261
82.282	0.518	0.229
82.883	0.46	0.23
83.483	0.482	0.245
84.084	0.48	0.265
84.685	0.458	0.269
85.285	0.506	0.25
85.886	0.491	0.24
86.486	0.488	0.246
87.087	0.516	0.261
87.688	0.511	0.282
88.288	0.51	0.29
88.889	0.524	0.276
89.489	0.528	0.259
90.09	0.486	0.255
90.691	0.569	0.257
91.291	0.536	0.291
91.892	0.582	0.318
92.492	0.598	0.33
93.093	0.52	0.321
93.694	0.538	0.271
94.294	0.53	0.228
94.895	0.522	0.229
95.495	0.531	0.271
96.096	0.539	0.319
96.697	0.538	0.332
97.297	0.505	0.296
97.898	0.499	0.233
98.498	0.505	0.196
99.099	0.523	0.222
99.7	0.543	0.294
100.3	0.557	0.354
100.901	0.568	0.356
101.502	0.557	0.303
102.102	0.541	0.241
102.703	0.479	0.213
103.303	0.536	0.226
103.904	0.514	0.283
104.505	0.507	0.328
105.105	0.485	0.312
105.706	0.533	0.247
106.306	0.483	0.204
106.907	0.489	0.209
107.508	0.478	0.256
108.108	0.484	0.297
108.709	0.487	0.297
109.309	0.469	0.257
109.91	0.458	0.206
110.511	0.422	0.186
111.111	0.427	0.2
111.712	0.443	0.236
112.312	0.411	0.264
112.913	0.437	0.25
113.514	0.467	0.215
114.114	0.442	0.205
114.715	0.446	0.22
115.315	0.473	0.248
115.916	0.479	0.275
116.517	0.455	0.276
117.117	0.479	0.244
117.718	0.481	0.217
118.318	0.454	0.219
118.919	0.476	0.241
119.52	0.461	0.267
120.12	0.459	0.269
120.721	0.491	0.247
121.321	0.453	0.229
121.922	0.464	0.221
122.523	0.509	0.235
123.123	0.438	0.27
123.724	0.515	0.276
124.324	0.446	0.266
124.925	0.462	0.232
125.526	0.427	0.203
126.126	0.403	0.192
126.727	0.51	0.206
127.327	0.461	0.265
127.928	0.514	0.309
128.529	0.514	0.311
129.129	0.51	0.274
129.73	0.548	0.232
130.33	0.519	0.237
130.931	0.489	0.272
131.532	0.548	0.296
132.132	0.521	0.308
132.733	0.464	0.284
133.333	0.528	0.229
133.934	0.482	0.211
134.535	0.503	0.234
135.135	0.527	0.285
135.736	0.492	0.322
136.336	0.559	0.305
136.937	0.517	0.269
137.538	0.459	0.234
138.138	0.499	0.209
138.739	0.477	0.229
139.339	0.49	0.27
139.94	0.478	0.296
140.541	0.485	0.279
141.141	0.5	0.239
141.742	0.465	0.216
142.342	0.504	0.222
142.943	0.502	0.263
143.544	0.473	0.302
144.144	0.51	0.294
144.745	0.469	0.256
145.345	0.481	0.211
145.946	0.439	0.2
146.547	0.416	0.217
147.147	0.475	0.239
147.748	0.443	0.264
148.348	0.435	0.26
148.949	0.448	0.226
149.55	0.395	0.197
150.15	0.369	0.178
150.751	0.444	0.177
151.351	0.425	0.222
151.952	0.418	0.267
152.553	0.46	0.268
153.153	0.478	0.244
153.754	0.436	0.222
154.354	0.435	0.207
154.955	0.452	0.212
155.556	0.411	0.236
156.156	0.446	0.245
156.757	0.46	0.241
157.357	0.475	0.236
157.958	0.479	0.242
158.559	0.469	0.255
159.159	0.46	0.259
159.76	0.445	0.245
160.36	0.442	0.219
160.961	0.46	0.204
161.562	0.484	0.222
162.162	0.454	0.265
162.763	0.482	0.284
163.363	0.46	0.271
163.964	0.449	0.23
164.565	0.467	0.194
165.165	0.429	0.202
165.766	0.477	0.234
166.366	0.455	0.277
166.967	0.402	0.281
167.568	0.444	0.225
168.168	0.391	0.17
168.769	0.377	0.15
169.369	0.473	0.178
169.97	0.483	0.264
170.571	0.476	0.338
171.171	0.51	0.331
171.772	0.488	0.261
172.372	0.452	0.186
172.973	0.419	0.156
173.574	0.458	0.188
174.174	0.416	0.262
174.775	0.414	0.296
175.375	0.472	0.259
175.976	0.423	0.205
176.577	0.394	0.167
177.177	0.418	0.168
177.778	0.427	0.213
178.378	0.488	0.271
178.979	0.464	0.308
179.58	0.526	0.29
180.18	0.499	0.253
180.781	0.485	0.223
181.381	0.505	0.222
181.982	0.457	0.256
182.583	0.469	0.276
183.183	0.488	0.268
183.784	0.464	0.244
184.384	0.488	0.223
184.985	0.423	0.225
185.586	0.461	0.23
186.186	0.436	0.241
186.787	0.42	0.241
187.387	0.451	0.222
187.988	0.457	0.215
188.589	0.404	0.226
189.189	0.47	0.23
189.79	0.454	0.244
190.39	0.415	0.249
190.991	0.486	0.231
191.592	0.461	0.228
192.192	0.49	0.241
192.793	0.477	0.266
193.393	0.454	0.276
193.994	0.479	0.252
194.595	0.476	0.226
195.195	0.502	0.223
195.796	0.471	0.252
196.396	0.474	0.276
196.997	0.475	0.274
197.598	0.43	0.245
198.198	0.466	0.203
198.799	0.448	0.195
199.399	0.508	0.227
200.0	0.491	0.291
200.601	0.469	0.322
201.201	0.525	0.287
201.802	0.49	0.234
202.402	0.436	0.2
203.003	0.435	0.194
203.604	0.462	0.22
204.204	0.416	0.262
204.805	0.426	0.265
205.405	0.45	0.229
206.006	0.46	0.197
206.607	0.421	0.202
207.207	0.466	0.228
207.808	0.476	0.266
208.408	0.494	0.29
209.009	0.449	0.279
209.61	0.463	0.23
210.21	0.462	0.192
210.811	0.472	0.201
211.411	0.456	0.249
212.012	0.455	0.288
212.613	0.505	0.283
213.213	0.467	0.255
213.814	0.469	0.219
214.414	0.471	0.207
215.015	0.451	0.229
215.616	0.479	0.259
216.216	0.483	0.28
216.817	0.5	0.276
217.417	0.48	0.255
218.018	0.502	0.233
218.619	0.51	0.236
219.219	0.475	0.265
219.82	0.444	0.278
220.42	0.476	0.253
221.021	0.515	0.224
221.622	0.476	0.233
222.222	0.51	0.259
222.823	0.533	0.292
223.423	0.52	0.31
224.024	0.548	0.294
224.625	0.549	0.27
225.225	0.478	0.257
225.826	0.52	0.243
226.426	0.518	0.253
227.027	0.461	0.276
227.628	0.544	0.275
228.228	0.458	0.272
228.829	0.403	0.241
229.429	0.482	0.19
230.03	0.428	0.187
230.631	0.445	0.221
231.231	0.526	0.268
231.832	0.492	0.314
232.432	0.516	0.312
233.033	0.544	0.27
233.634	0.54	0.239
234.234	0.503	0.246
234.835	0.494	0.27
235.435	0.457	0.281
236.036	0.505	0.257
236.637	0.479	0.235
237.237	0.486	0.23
237.838	0.506	0.249
238.438	0.464	0.279
239.039	0.522	0.282
239.64	0.542	0.274
240.24	0.529	0.273
240.841	0.5	0.275
241.441	0.476	0.265
242.042	0.458	0.239
242.643	0.516	0.218
243.243	0.454	0.237
243.844	0.412	0.257
244.444	0.52	0.248
245.045	0.47	0.251
245.646	0.489	0.254
246.246	0.582	0.262
246.847	0.461	0.296
247.447	0.474	0.286
248.048	0.501	0.242
248.649	0.39	0.209
249.249	0.451	0.181
249.85	0.443	0.198
250.45	0.492	0.25
251.051	0.496	0.306
251.652	0.493	0.317
252.252	0.534	0.276
252.853	0.482	0.233
253.453	0.464	0.208
254.054	0.493	0.218
254.655	0.447	0.261
255.255	0.506	0.284
255.856	0.457	0.282
256.456	0.47	0.243
257.057	0.572	0.211
257.658	0.457	0.247
258.258	0.466	0.281
258.859	0.558	0.284
259.459	0.498	0.286
260.06	0.542	0.271
260.661	0.499	0.261
261.261	0.47	0.252
261.862	0.522	0.242
262.462	0.424	0.25
263.063	0.444	0.238
263.664	0.475	0.22
264.264	0.434	0.224
264.865	0.502	0.237
265.465	0.448	0.266
266.066	0.42	0.267
266.667	0.51	0.23
267.267	0.431	0.218
267.868	0.492	0.22
268.468	0.497	0.252
269.069	0.513	0.293
269.67	0.552	0.31
270.27	0.549	0.306
270.871	0.476	0.28
271.471	0.485	0.229
272.072	0.461	0.199
272.673	0.439	0.207
273.273	0.496	0.24
273.874	0.466	0.286
274.474	0.453	0.292
275.075	0.538	0.254
275.676	0.449	0.23
276.276	0.433	0.214
276.877	0.484	0.212
277.477	0.41	0.239
278.078	0.477	0.252
278.679	0.49	0.258
279.279	0.433	0.259
279.88	0.449	0.234
280.48	0.503	0.212
281.081	0.487	0.232
281.682	0.487	0.274
282.282	0.455	0.296
282.883	0.473	0.267
283.483	0.527	0.221
284.084	0.492	0.222
284.685	0.498	0.256
285.285	0.575	0.298
285.886	0.561	0.337
286.486	0.544	0.335
287.087	0.554	0.288
287.688	0.456	0.236
288.288	0.463	0.192
288.889	0.503	0.194
289.489	0.475	0.255
290.09	0.489	0.311
290.691	0.487	0.316
291.291	0.467	0.262
291.892	0.502	0.196
292.492	0.479	0.188
293.093	0.484	0.238
293.694	0.499	0.302
294.294	0.504	0.327
294.895	0.586	0.299
295.495	0.547	0.27
296.096	0.484	0.254
296.697	0.515	0.242
297.297	0.424	0.247
297.898	0.445	0.235
298.498	0.473	0.221
299.099	0.474	0.231
299.7	0.468	0.254
300.3	0.509	0.271
300.901	0.476	0.28
301.502	0.46	0.26
302.102	0.511	0.226
302.703	0.488	0.225
303.303	0.486	0.253
303.904	0.517	0.283
304.505	0.486	0.296
305.105	0.506	0.274
305.706	0.52	0.243
306.306	0.493	0.236
306.907	0.483	0.25
307.508	0.55	0.27
308.108	0.432	0.296
308.709	0.468	0.267
309.309	0.506	0.216
309.91	0.405	0.202
310.511	0.444	0.205
311.111	0.385	0.226
311.712	0.392	0.229
312.312	0.454	0.213
312.913	0.393	0.211
313.514	0.402	0.206
314.114	0.46	0.209
314.715	0.448	0.236
315.315	0.448	0.262
315.916	0.441	0.262
316.517	0.445	0.233
317.117	0.461	0.204
317.718	0.385	0.204
318.318	0.463	0.209
318.919	0.491	0.242
319.52	0.427	0.282
320.12	0.46	0.274
320.721	0.412	0.229
321.321	0.432	0.176
321.922	0.389	0.164
322.523	0.437	0.194
323.123	0.405	0.251
323.724	0.434	0.275
324.324	0.466	0.255
324.925	0.415	0.218
325.526	0.445	0.185
326.126	0.434	0.193
326.727	0.405	0.23
327.327	0.454	0.255
327.928	0.452	0.26
328.529	0.402	0.24
329.129	0.431	0.197
329.73	0.395	0.176
330.33	0.428	0.187
330.931	0.435	0.228
331.532	0.439	0.27
332.132	0.429	0.272
332.733	0.519	0.237
333.333	0.481	0.226
333.934	0.497	0.242
334.535	0.559	0.276
335.135	0.514	0.319
335.736	0.533	0.319
336.336	0.529	0.28
336.937	0.521	0.237
337.538	0.526	0.228
338.138	0.508	0.259
338.739	0.568	0.3
339.339	0.585	0.336
339.94	0.512	0.339
340.541	0.569	0.284
341.141	0.507	0.235
341.742	0.441	0.213
342.342	0.51	0.215
342.943	0.482	0.258
343.544	0.515	0.298
344.144	0.581	0.314
344.745	0.511	0.313
345.345	0.544	0.275
345.946	0.488	0.241
346.547	0.481	0.223
347.147	0.543	0.236
347.748	0.444	0.282
348.348	0.548	0.294
348.949	0.502	0.291
349.55	0.432	0.26
350.15	0.472	0.202
350.751	0.496	0.185
351.351	0.483	0.233
351.952	0.526	0.301
352.553	0.547	0.343
353.153	0.515	0.33
353.754	0.558	0.267
354.354	0.466	0.22
354.955	0.479	0.2
355.556	0.516	0.225
356.156	0.43	0.285
356.757	0.493	0.297
357.357	0.49	0.269
357.958	0.406	0.223
358.559	0.526	0.181
359.159	0.442	0.213
359.76	0.487	0.269
360.36	0.503	0.309
360.961	0.477	0.305
361.562	0.542	0.255
362.162	0.468	0.223
362.763	0.453	0.213
363.363	0.495	0.227
363.964	0.457	0.264
364.565	0.524	0.284
365.165	0.52	0.29
365.766	0.488	0.276
366.366	0.54	0.248
366.967	0.455	0.244
367.568	0.475	0.24
368.168	0.435	0.239
368.769	0.435	0.23
369.369	0.467	0.22
369.97	0.358	0.226
370.571	0.417	0.205
371.171	0.411	0.192
371.772	0.386	0.199
372.372	0.449	0.213
372.973	0.389	0.239
373.574	0.467	0.24
374.174	0.467	0.24
374.775	0.439	0.243
375.375	0.466	0.236
375.976	0.458	0.233
376.577	0.531	0.241
377.177	0.526	0.278
377.778	0.495	0.31
378.378	0.538	0.298
378.979	0.515	0.267
379.58	0.527	0.241
380.18	0.543	0.246
380.781	0.516	0.284
381.381	0.539	0.311
381.982	0.538	0.309
382.583	0.565	0.283
383.183	0.557	0.266
383.784	0.586	0.274
384.384	0.558	0.307
384.985	0.549	0.325
385.586	0.603	0.314
386.186	0.521	0.296
386.787	0.542	0.26
387.387	0.549	0.246
387.988	0.463	0.263
388.589	0.497	0.266
389.189	0.536	0.264
389.79	0.484	0.27
390.39	0.567	0.268
390.991	0.529	0.285
391.592	0.474	0.292
392.192	0.549	0.267
392.793	0.482	0.252
393.393	0.478	0.241
393.994	0.529	0.239
394.595	0.525	0.27
395.195	0.543	0.305
395.796	0.57	0.32
396.396	0.576	0.313
396.997	0.515	0.291
397.598	0.569	0.257
398.198	0.589	0.257
398.799	0.548	0.301
399.399	0.577	0.335
400.0	0.583	0.337
400.601	0.512	0.304
401.201	0.529	0.242
401.802	0.556	0.213
402.402	0.506	0.25
403.003	0.527	0.305
403.604	0.514	0.33
404.204	0.466	0.295
404.805	0.501	0.218
405.405	0.491	0.179
406.006	0.433	0.209
406.607	0.531	0.262
407.207	0.507	0.323
407.808	0.459	0.327
408.408	0.584	0.261
409.009	0.516	0.225
409.61	0.47	0.232
410.21	0.521	0.256
410.811	0.55	0.293
411.411	0.497	0.32
412.012	0.548	0.297
412.613	0.523	0.26
413.213	0.515	0.238
413.814	0.504	0.243
414.414	0.509	0.268
415.015	0.525	0.291
415.616	0.519	0.297
416.216	0.489	0.277
416.817	0.536	0.242
417.417	0.515	0.24
418.018	0.485	0.262
418.619	0.578	0.283
419.219	0.599	0.317
419.82	0.59	0.344
420.42	0.657	0.342
421.021	0.594	0.335
421.622	0.57	0.307
422.222	0.618	0.275
422.823	0.594	0.283
423.423	0.624	0.319
424.024	0.603	0.358
424.625	0.586	0.357
425.225	0.523	0.306
425.826	0.524	0.228
426.426	0.514	0.192
427.027	0.438	0.222
427.628	0.506	0.265
428.228	0.527	0.304
428.829	0.489	0.311
429.429	0.516	0.27
430.03	0.531	0.23
430.631	0.479	0.229
431.231	0.474	0.25
431.832	0.481	0.27
432.432	0.475	0.272
433.033	0.485	0.253
433.634	0.509	0.234
434.234	0.486	0.241
434.835	0.5	0.263
435.435	0.522	0.283
436.036	0.545	0.293
436.637	0.527	0.293
437.237	0.516	0.277
437.838	0.58	0.26
438.438	0.55	0.277
439.039	0.546	0.304
439.64	0.583	0.316
440.24	0.54	0.313
440.841	0.534	0.283
441.441	0.53	0.249
442.042	0.541	0.242
442.643	0.502	0.27
443.243	0.517	0.293
443.844	0.6	0.299
444.444	0.502	0.309
445.045	0.558	0.284
445.646	0.605	0.265
446.246	0.572	0.29
446.847	0.533	0.323
447.447	0.544	0.316
448.048	0.609	0.283
448.649	0.577	0.278
449.249	0.57	0.296
449.85	0.608	0.318
450.45	0.608	0.337
451.051	0.612	0.339
451.652	0.588	0.32
452.252	0.59	0.291
452.853	0.566	0.276
453.453	0.604	0.283
454.054	0.602	0.317
454.655	0.597	0.348
455.255	0.615	0.347
455.856	0.59	0.318
456.456	0.585	0.281
457.057	0.536	0.265
457.658	0.496	0.262
458.258	0.527	0.26
458.859	0.53	0.27
459.459	0.494	0.283
460.06	0.507	0.277
460.661	0.468	0.255
461.261	0.473	0.227
461.862	0.52	0.219
462.462	0.539	0.258
463.063	0.49	0.314
463.664	0.535	0.323
464.264	0.497	0.286
464.865	0.506	0.228
465.465	0.56	0.206
466.066	0.504	0.257
466.667	0.479	0.315
467.267	0.54	0.318
467.868	0.493	0.281
468.468	0.485	0.225
469.069	0.501	0.198
469.67	0.477	0.227
470.27	0.532	0.28
470.871	0.526	0.327
471.471	0.514	0.326
472.072	0.49	0.272
472.673	0.493	0.204
473.273	0.508	0.186
473.874	0.509	0.24
474.474	0.519	0.318
475.075	0.572	0.355
475.676	0.574	0.337
476.276	0.519	0.281
476.877	0.54	0.221
477.477	0.442	0.21
478.078	0.492	0.225
478.679	0.539	0.269
479.279	0.523	0.321
479.88	0.549	0.332
480.48	0.522	0.297
481.081	0.541	0.244
481.682	0.507	0.223
482.282	0.485	0.242
482.883	0.535	0.276
483.483	0.508	0.308
484.084	0.57	0.306
484.685	0.526	0.29
485.285	0.54	0.264
485.886	0.564	0.255
486.486	0.583	0.282
487.087	0.556	0.327
487.688	0.559	0.339
488.288	0.543	0.307
488.889	0.481	0.252
489.489	0.472	0.201
490.09	0.461	0.192
490.691	0.433	0.227
491.291	0.46	0.262
491.892	0.46	0.276
492.492	0.453	0.257
493.093	0.498	0.222
493.694	0.467	0.217
494.294	0.441	0.238
494.895	0.494	0.255
495.495	0.486	0.273
496.096	0.47	0.272
496.697	0.485	0.248
497.297	0.43	0.226
497.898	0.433	0.206
498.498	0.445	0.204
499.099	0.457	0.23
499.7	0.43	0.261
500.3	0.441	0.261
500.901	0.454	0.232
501.502	0.426	0.206
502.102	0.443	0.199
502.703	0.42	0.22
503.303	0.43	0.243
503.904	0.444	0.249
504.505	0.476	0.239
505.105	0.507	0.239
505.706	0.458	0.257
506.306	0.493	0.264
506.907	0.497	0.262
507.508	0.536	0.26
508.108	0.477	0.271
508.709	0.514	0.265
509.309	0.502	0.26
509.91	0.427	0.252
510.511	0.562	0.229
511.111	0.466	0.252
511.712	0.46	0.271
512.312	0.525	0.265
512.913	0.452	0.261
513.514	0.43	0.236
514.114	0.456	0.202
514.715	0.452	0.2
515.315	0.467	0.233
515.916	0.488	0.276
516.517	0.448	0.296
517.117	0.431	0.261
517.718	0.458	0.195
518.318	0.39	0.165
518.919	0.473	0.18
519.52	0.44	0.251
520.12	0.418	0.302
520.721	0.517	0.281
521.321	0.485	0.244
521.922	0.422	0.213
522.523	0.477	0.196
523.123	0.412	0.22
523.724	0.446	0.245
524.324	0.464	0.257
524.925	0.445	0.254
525.526	0.429	0.231
526.126	0.435	0.203
526.727	0.426	0.195
527.327	0.438	0.214
527.928	0.477	0.249
528.529	0.463	0.28
529.129	0.488	0.278
529.73	0.456	0.252
530.33	0.445	0.214
530.931	0.471	0.195
531.532	0.473	0.221
532.132	0.478	0.272
532.733	0.466	0.301
533.333	0.502	0.28
533.934	0.459	0.238
534.535	0.43	0.2
535.135	0.433	0.186
535.736	0.453	0.21
536.336	0.475	0.257
536.937	0.503	0.297
537.538	0.475	0.302
538.138	0.479	0.259
538.739	0.453	0.207
539.339	0.439	0.184
539.94	0.46	0.204
540.541	0.445	0.255
541.141	0.468	0.286
541.742	0.476	0.277
542.342	0.453	0.24
542.943	0.437	0.2
543.544	0.405	0.186
544.144	0.421	0.197
544.745	0.448	0.229
545.345	0.472	0.266
545.946	0.457	0.282
546.547	0.446	0.259
547.147	0.453	0.213
547.748	0.429	0.187
548.348	0.466	0.2
548.949	0.452	0.249
549.55	0.418	0.285
550.15	0.482	0.264
550.751	0.417	0.226
551.351	0.399	0.182
551.952	0.499	0.169
552.553	0.492	0.234
553.153	0.44	0.317
553.754	0.461	0.324
554.354	0.441	0.251
554.955	0.454	0.162
555.556	0.46	0.141
556.156	0.468	0.211
556.757	0.52	0.315
557.357	0.524	0.375
557.958	0.507	0.341
558.559	0.53	0.239
559.159	0.486	0.168
559.76	0.488	0.179
560.36	0.532	0.262
560.961	0.475	0.354
561.562	0.503	0.352
562.162	0.516	0.266
562.763	0.502	0.182
563.363	0.479	0.172
563.964	0.489	0.235
564.565	0.498	0.316
565.165	0.528	0.348
565.766	0.456	0.306
566.366	0.51	0.21
566.967	0.47	0.16
567.568	0.444	0.189
568.168	0.492	0.26
568.769	0.46	0.323
569.369	0.477	0.312
569.97	0.45	0.24
570.571	0.407	0.163
571.171	0.427	0.135
571.772	0.444	0.187
572.372	0.459	0.281
572.973	0.483	0.336
573.574	0.494	0.313
574.174	0.423	0.235
574.775	0.392	0.147
575.375	0.379	0.112
575.976	0.444	0.161
576.577	0.395	0.268
577.177	0.417	0.321
577.778	0.474	0.281
578.378	0.392	0.203
578.979	0.411	0.131
579.58	0.394	0.134
580.18	0.346	0.2
580.781	0.425	0.253
581.381	0.422	0.273
581.982	0.416	0.245
582.583	0.416	0.193
583.183	0.363	0.161
583.784	0.367	0.159
584.384	0.358	0.186
584.985	0.406	0.216
585.586	0.424	0.24
586.186	0.393	0.245
586.787	0.429	0.217
587.387	0.384	0.191
587.988	0.414	0.179
588.589	0.433	0.2
589.189	0.376	0.242
589.79	0.385	0.245
590.39	0.406	0.207
590.991	0.382	0.172
591.592	0.36	0.163
592.192	0.366	0.179
592.793	0.423	0.209
593.393	0.367	0.243
593.994	0.43	0.237
594.595	0.459	0.217
595.195	0.412	0.215
595.796	0.4	0.215
596.396	0.393	0.209
596.997	0.423	0.203
597.598	0.343	0.206
598.198	0.395	0.194
598.799	0.359	0.187
599.399	0.357	0.182
600.0	0.432	0.184
