Time(s)	Relative Blade_disp(m)	Tower_disp(m)
0.0	0.0	0.0
0.601	0.725	0.042
1.201	0.516	0.338
1.802	0.267	0.573
2.402	0.649	0.443
3.003	0.289	0.174
3.604	0.394	-0.087
4.204	0.402	-0.084
4.805	0.18	0.175
5.405	0.463	0.386
6.006	0.466	0.446
6.607	0.389	0.319
7.207	0.258	0.08
7.808	0.227	-0.102
8.408	0.271	-0.077
9.009	0.232	0.143
9.61	0.301	0.348
10.21	0.373	0.378
10.811	0.29	0.23
11.411	0.241	0.015
12.012	0.278	-0.094
12.613	0.178	0.009
13.213	0.235	0.196
13.814	0.329	0.317
14.414	0.244	0.296
15.015	0.21	0.123
15.616	0.227	-0.059
16.216	0.21	-0.08
16.817	0.292	0.078
17.417	0.355	0.302
18.018	0.458	0.422
18.619	0.382	0.364
19.219	0.28	0.155
19.82	0.249	-0.059
20.42	0.249	-0.097
21.021	0.348	0.079
21.622	0.479	0.354
22.222	0.258	0.51
22.823	0.418	0.342
23.423	0.443	0.05
24.024	0.455	-0.068
24.625	0.285	0.087
25.225	0.369	0.309
25.826	0.504	0.427
26.426	0.33	0.373
27.027	0.49	0.156
27.628	0.267	0.009
28.228	0.242	-0.004
28.829	0.36	0.111
29.429	0.25	0.283
30.03	0.326	0.326
30.631	0.366	0.223
31.231	0.299	0.084
31.832	0.214	0.011
32.432	0.247	0.036
33.033	0.342	0.149
33.634	0.353	0.286
34.234	0.309	0.326
34.835	0.365	0.22
35.435	0.41	0.086
36.036	0.315	0.065
36.637	0.297	0.141
37.237	0.371	0.229
37.838	0.371	0.284
38.438	0.197	0.243
39.039	0.4	0.094
39.64	0.2	0.026
40.24	0.313	0.05
40.841	0.38	0.175
41.441	0.168	0.303
42.042	0.418	0.259
42.643	0.367	0.162
43.243	0.182	0.082
43.844	0.447	0.038
44.444	0.315	0.153
45.045	0.253	0.282
45.646	0.418	0.283
46.246	0.339	0.212
46.847	0.352	0.116
47.447	0.32	0.078
48.048	0.237	0.118
48.649	0.462	0.18
49.249	0.308	0.276
49.85	0.422	0.282
50.45	0.455	0.227
51.051	0.315	0.172
51.652	0.431	0.126
52.252	0.243	0.154
52.853	0.505	0.183
53.453	0.511	0.272
54.054	0.154	0.335
54.655	0.547	0.207
55.255	0.356	0.119
55.856	0.169	0.096
56.456	0.345	0.085
57.057	0.185	0.141
57.658	0.373	0.176
58.258	0.418	0.221
58.859	0.322	0.256
59.459	0.41	0.219
60.06	0.422	0.176
60.661	0.302	0.168
61.261	0.315	0.156
61.862	0.381	0.157
62.462	0.337	0.188
63.063	0.338	0.208
63.664	0.405	0.202
64.264	0.418	0.201
64.865	0.298	0.208
65.465	0.393	0.179
66.066	0.393	0.17
66.667	0.273	0.184
67.267	0.446	0.176
67.868	0.383	0.209
68.468	0.42	0.239
69.069	0.45	0.251
69.67	0.261	0.238
70.27	0.324	0.141
70.871	0.334	0.068
71.471	0.125	0.083
72.072	0.22	0.098
72.673	0.3	0.128
73.273	0.221	0.18
73.874	0.219	0.176
74.474	0.294	0.121
75.075	0.27	0.089
75.676	0.356	0.112
76.276	0.356	0.199
76.877	0.146	0.259
77.477	0.364	0.177
78.078	0.192	0.084
78.679	0.202	0.017
79.279	0.39	0.042
79.88	0.187	0.191
80.48	0.431	0.279
81.081	0.435	0.305
81.682	0.354	0.253
82.282	0.54	0.154
82.883	0.332	0.152
83.483	0.413	0.188
84.084	0.423	0.243
84.685	0.321	0.269
85.285	0.499	0.217
85.886	0.431	0.191
86.486	0.416	0.199
87.087	0.523	0.229
87.688	0.472	0.292
88.288	0.489	0.319
88.889	0.531	0.286
89.489	0.529	0.242
90.09	0.416	0.224
90.691	0.664	0.222
91.291	0.554	0.318
91.892	0.703	0.401
92.492	0.754	0.445
93.093	0.486	0.426
93.694	0.58	0.267
94.294	0.535	0.131
94.895	0.506	0.129
95.495	0.559	0.256
96.096	0.56	0.412
96.697	0.57	0.459
97.297	0.468	0.351
97.898	0.443	0.151
98.498	0.47	0.03
99.099	0.518	0.107
99.7	0.581	0.333
100.3	0.622	0.526
100.901	0.66	0.535
101.502	0.619	0.368
102.102	0.566	0.165
102.703	0.381	0.073
103.303	0.568	0.117
103.904	0.495	0.309
104.505	0.479	0.46
105.105	0.43	0.411
105.706	0.546	0.203
106.306	0.402	0.052
106.907	0.424	0.058
107.508	0.396	0.213
108.108	0.417	0.361
108.709	0.442	0.379
109.309	0.371	0.255
109.91	0.353	0.079
110.511	0.242	-0.003
111.111	0.268	0.043
111.712	0.321	0.18
112.312	0.235	0.295
112.913	0.317	0.259
113.514	0.379	0.136
114.114	0.296	0.065
114.715	0.319	0.081
115.315	0.383	0.179
115.916	0.403	0.296
116.517	0.352	0.327
117.117	0.413	0.231
117.718	0.412	0.12
118.318	0.332	0.092
118.919	0.391	0.145
119.52	0.355	0.246
120.12	0.351	0.293
120.721	0.454	0.244
121.321	0.332	0.176
121.922	0.365	0.114
122.523	0.488	0.129
123.123	0.272	0.238
123.724	0.513	0.288
124.324	0.319	0.289
124.925	0.351	0.196
125.526	0.294	0.086
126.126	0.184	0.033
126.727	0.497	0.062
127.327	0.354	0.245
127.928	0.495	0.39
128.529	0.519	0.405
129.129	0.474	0.293
129.73	0.606	0.149
130.33	0.511	0.149
130.931	0.408	0.255
131.532	0.617	0.34
132.132	0.511	0.394
132.733	0.35	0.327
133.333	0.562	0.149
133.934	0.386	0.081
134.535	0.471	0.14
135.135	0.548	0.298
135.736	0.418	0.431
136.336	0.651	0.388
136.937	0.504	0.278
137.538	0.323	0.154
138.138	0.48	0.063
138.739	0.376	0.132
139.339	0.436	0.272
139.94	0.421	0.364
140.541	0.408	0.322
141.141	0.475	0.184
141.742	0.355	0.095
142.342	0.466	0.103
142.943	0.477	0.234
143.544	0.377	0.373
144.144	0.506	0.362
144.745	0.381	0.248
145.345	0.401	0.098
145.946	0.311	0.043
146.547	0.219	0.098
147.147	0.418	0.185
147.748	0.312	0.285
148.348	0.298	0.277
148.949	0.35	0.16
149.55	0.175	0.054
150.15	0.138	-0.009
150.751	0.332	0.015
151.351	0.257	0.17
151.952	0.282	0.297
152.553	0.376	0.287
153.153	0.391	0.192
153.754	0.3	0.104
154.354	0.282	0.067
154.955	0.341	0.109
155.556	0.24	0.205
156.156	0.334	0.239
156.757	0.371	0.209
157.357	0.391	0.166
157.958	0.409	0.157
158.559	0.373	0.199
159.159	0.354	0.24
159.76	0.328	0.227
160.36	0.314	0.161
160.961	0.366	0.1
161.562	0.428	0.122
162.162	0.332	0.226
162.763	0.42	0.291
163.363	0.361	0.281
163.964	0.32	0.186
164.565	0.397	0.08
165.165	0.267	0.081
165.766	0.409	0.151
166.366	0.35	0.268
166.967	0.195	0.301
167.568	0.346	0.168
168.168	0.18	0.03
168.769	0.15	-0.039
169.369	0.422	0.014
169.97	0.404	0.242
170.571	0.409	0.441
171.171	0.5	0.433
171.772	0.41	0.258
172.372	0.341	0.046
172.973	0.245	-0.047
173.574	0.359	0.033
174.174	0.254	0.241
174.775	0.245	0.354
175.375	0.41	0.266
175.976	0.249	0.113
176.577	0.195	-0.017
177.177	0.273	-0.031
177.778	0.254	0.107
178.378	0.453	0.28
178.979	0.376	0.395
179.58	0.531	0.342
180.18	0.474	0.217
180.781	0.404	0.118
181.381	0.486	0.112
181.982	0.34	0.225
182.583	0.382	0.301
183.183	0.452	0.285
183.784	0.352	0.213
184.384	0.446	0.127
184.985	0.248	0.12
185.586	0.356	0.141
186.186	0.31	0.193
186.787	0.245	0.217
187.387	0.359	0.165
187.988	0.35	0.129
188.589	0.203	0.134
189.189	0.403	0.133
189.79	0.327	0.188
190.39	0.237	0.224
190.991	0.453	0.185
191.592	0.343	0.174
192.192	0.45	0.184
192.793	0.405	0.235
193.393	0.318	0.263
193.994	0.423	0.213
194.595	0.389	0.164
195.195	0.474	0.16
195.796	0.397	0.227
196.396	0.381	0.276
196.997	0.407	0.258
197.598	0.259	0.189
198.198	0.377	0.088
198.799	0.327	0.076
199.399	0.492	0.166
200.0	0.443	0.328
200.601	0.371	0.4
201.201	0.54	0.296
201.802	0.415	0.161
202.402	0.286	0.078
203.003	0.302	0.067
203.604	0.366	0.142
204.204	0.247	0.253
204.805	0.282	0.257
205.405	0.333	0.159
206.006	0.346	0.072
206.607	0.261	0.079
207.207	0.372	0.151
207.808	0.403	0.259
208.408	0.449	0.327
209.009	0.324	0.295
209.61	0.358	0.157
210.21	0.365	0.047
210.811	0.381	0.072
211.411	0.353	0.21
212.012	0.342	0.324
212.613	0.483	0.312
213.213	0.367	0.231
213.814	0.372	0.12
214.414	0.389	0.079
215.015	0.317	0.145
215.616	0.415	0.238
216.216	0.418	0.308
216.817	0.459	0.297
217.417	0.411	0.225
218.018	0.455	0.15
218.619	0.49	0.154
219.219	0.385	0.245
219.82	0.312	0.297
220.42	0.405	0.235
221.021	0.498	0.153
221.622	0.393	0.159
222.222	0.491	0.217
222.823	0.551	0.311
223.423	0.507	0.376
224.024	0.601	0.344
224.625	0.602	0.281
225.225	0.382	0.234
225.826	0.526	0.174
226.426	0.507	0.198
227.027	0.33	0.276
227.628	0.604	0.285
228.228	0.333	0.291
228.829	0.188	0.198
229.429	0.45	0.038
230.03	0.226	0.031
230.631	0.324	0.119
231.231	0.551	0.261
231.832	0.411	0.404
232.432	0.53	0.39
233.033	0.576	0.265
233.634	0.562	0.171
234.234	0.473	0.184
234.835	0.437	0.26
235.435	0.335	0.301
236.036	0.486	0.238
236.637	0.394	0.176
237.237	0.418	0.149
237.838	0.49	0.193
238.438	0.339	0.283
239.039	0.533	0.296
239.64	0.581	0.285
240.24	0.533	0.287
240.841	0.468	0.283
241.441	0.383	0.244
242.042	0.342	0.165
242.643	0.509	0.111
243.243	0.325	0.179
243.844	0.227	0.242
244.444	0.537	0.216
245.045	0.357	0.222
245.646	0.436	0.21
246.246	0.709	0.227
246.847	0.316	0.336
247.447	0.401	0.313
248.048	0.48	0.196
248.649	0.124	0.107
249.249	0.368	0.015
249.85	0.304	0.065
250.45	0.422	0.216
251.051	0.485	0.367
251.652	0.417	0.404
252.252	0.562	0.282
252.853	0.408	0.153
253.453	0.338	0.084
254.054	0.465	0.112
254.655	0.3	0.246
255.255	0.486	0.317
255.856	0.355	0.31
256.456	0.354	0.195
257.057	0.688	0.09
257.658	0.318	0.19
258.258	0.361	0.289
258.859	0.653	0.307
259.459	0.419	0.329
260.06	0.599	0.274
260.661	0.459	0.235
261.261	0.343	0.204
261.862	0.555	0.169
262.462	0.219	0.212
263.063	0.318	0.189
263.664	0.427	0.144
264.264	0.244	0.155
264.865	0.5	0.168
265.465	0.313	0.242
266.066	0.224	0.248
266.667	0.524	0.156
267.267	0.241	0.14
267.868	0.451	0.139
268.468	0.477	0.216
269.069	0.465	0.325
269.67	0.63	0.363
270.27	0.594	0.364
270.871	0.365	0.302
271.471	0.445	0.155
272.072	0.34	0.068
272.673	0.288	0.086
273.273	0.466	0.175
273.874	0.356	0.312
274.474	0.337	0.336
275.075	0.579	0.229
275.676	0.297	0.16
276.276	0.287	0.099
276.877	0.43	0.093
277.477	0.196	0.184
278.078	0.422	0.226
278.679	0.442	0.251
279.279	0.257	0.247
279.88	0.355	0.156
280.48	0.452	0.093
281.081	0.416	0.153
281.682	0.444	0.278
282.282	0.326	0.351
282.883	0.392	0.267
283.483	0.54	0.131
284.084	0.423	0.122
284.685	0.459	0.211
285.285	0.68	0.337
285.886	0.629	0.464
286.486	0.587	0.466
287.087	0.614	0.329
287.688	0.314	0.164
288.288	0.358	0.019
288.889	0.471	0.03
289.489	0.374	0.226
290.09	0.45	0.402
290.691	0.429	0.421
291.291	0.357	0.254
291.892	0.476	0.039
292.492	0.381	0.007
293.093	0.414	0.158
293.694	0.467	0.364
294.294	0.463	0.457
294.895	0.722	0.369
295.495	0.594	0.267
296.096	0.391	0.2
296.697	0.515	0.155
297.297	0.23	0.189
297.898	0.317	0.181
298.498	0.415	0.161
299.099	0.368	0.186
299.7	0.397	0.219
300.3	0.483	0.245
300.901	0.376	0.268
301.502	0.358	0.228
302.102	0.49	0.158
302.703	0.425	0.167
303.303	0.436	0.231
303.904	0.508	0.293
304.505	0.412	0.317
305.105	0.476	0.261
305.706	0.513	0.19
306.306	0.44	0.188
306.907	0.42	0.226
307.508	0.617	0.272
308.108	0.258	0.334
308.709	0.377	0.241
309.309	0.49	0.108
309.91	0.171	0.085
310.511	0.351	0.096
311.111	0.18	0.166
311.712	0.176	0.18
312.312	0.388	0.127
312.913	0.158	0.115
313.514	0.234	0.089
314.114	0.373	0.099
314.715	0.299	0.185
315.315	0.357	0.253
315.916	0.308	0.255
316.517	0.304	0.172
317.117	0.384	0.083
317.718	0.145	0.083
318.318	0.378	0.103
318.919	0.458	0.201
319.52	0.247	0.316
320.12	0.393	0.281
320.721	0.221	0.155
321.321	0.276	0.009
321.922	0.202	-0.024
322.523	0.287	0.073
323.123	0.245	0.233
323.724	0.299	0.302
324.324	0.374	0.238
324.925	0.242	0.121
325.526	0.315	0.022
326.126	0.289	0.047
326.727	0.219	0.166
327.327	0.356	0.249
327.928	0.344	0.266
328.529	0.201	0.196
329.129	0.301	0.057
329.73	0.177	-0.002
330.33	0.276	0.039
330.931	0.313	0.17
331.532	0.298	0.294
332.132	0.291	0.289
332.733	0.51	0.173
333.333	0.395	0.126
333.934	0.457	0.163
334.535	0.629	0.276
335.135	0.491	0.419
335.736	0.56	0.425
336.336	0.54	0.303
336.937	0.507	0.161
337.538	0.532	0.122
338.138	0.469	0.218
338.739	0.663	0.352
339.339	0.711	0.477
339.94	0.476	0.487
340.541	0.672	0.305
341.141	0.458	0.142
341.742	0.267	0.069
342.342	0.51	0.086
342.943	0.388	0.245
343.544	0.506	0.377
344.144	0.719	0.412
344.745	0.462	0.389
345.345	0.585	0.251
345.946	0.421	0.148
346.547	0.369	0.119
347.147	0.616	0.177
347.748	0.276	0.33
348.348	0.613	0.352
348.949	0.473	0.319
349.55	0.225	0.214
350.15	0.415	0.042
350.751	0.421	0.022
351.351	0.407	0.182
351.952	0.57	0.376
352.553	0.576	0.489
353.153	0.498	0.427
353.754	0.627	0.228
354.354	0.327	0.1
354.955	0.403	0.058
355.556	0.521	0.153
356.156	0.247	0.335
356.757	0.47	0.356
357.357	0.43	0.259
357.958	0.172	0.116
358.559	0.559	-0.008
359.159	0.273	0.104
359.76	0.43	0.278
360.36	0.497	0.396
360.961	0.363	0.379
361.562	0.6	0.21
362.162	0.348	0.107
362.763	0.306	0.083
363.363	0.477	0.14
363.964	0.315	0.275
364.565	0.548	0.332
365.165	0.527	0.333
365.766	0.395	0.272
366.366	0.593	0.173
366.967	0.307	0.171
367.568	0.386	0.183
368.168	0.318	0.2
368.769	0.261	0.187
369.369	0.407	0.14
369.97	0.086	0.136
370.571	0.246	0.076
371.171	0.264	0.055
371.772	0.133	0.102
372.372	0.371	0.14
372.973	0.175	0.201
373.574	0.36	0.183
374.174	0.396	0.16
374.775	0.26	0.172
375.375	0.38	0.164
375.976	0.35	0.177
376.577	0.53	0.207
377.177	0.555	0.293
377.778	0.422	0.365
378.378	0.562	0.317
378.979	0.49	0.237
379.58	0.514	0.183
380.18	0.593	0.21
380.781	0.492	0.32
381.381	0.568	0.382
381.982	0.561	0.36
382.583	0.626	0.282
383.183	0.616	0.24
383.784	0.705	0.281
384.384	0.619	0.389
384.985	0.592	0.435
385.586	0.763	0.386
386.186	0.484	0.322
386.787	0.571	0.211
387.387	0.591	0.18
387.988	0.32	0.248
388.589	0.469	0.262
389.189	0.55	0.258
389.79	0.387	0.265
390.39	0.665	0.24
390.991	0.514	0.289
391.592	0.358	0.319
392.192	0.614	0.253
392.793	0.375	0.224
393.393	0.389	0.183
393.994	0.556	0.166
394.595	0.493	0.254
395.195	0.586	0.352
395.796	0.653	0.403
396.396	0.659	0.395
396.997	0.494	0.329
397.598	0.646	0.219
398.198	0.714	0.213
398.799	0.583	0.345
399.399	0.674	0.45
400.0	0.694	0.462
400.601	0.461	0.368
401.201	0.535	0.173
401.802	0.61	0.078
402.402	0.448	0.192
403.003	0.541	0.359
403.604	0.486	0.446
404.204	0.348	0.349
404.805	0.463	0.112
405.405	0.412	-0.011
406.006	0.252	0.066
406.607	0.56	0.229
407.207	0.458	0.427
407.808	0.334	0.445
408.408	0.709	0.245
409.009	0.469	0.126
409.61	0.363	0.127
410.21	0.517	0.198
410.811	0.577	0.33
411.411	0.442	0.423
412.012	0.592	0.357
412.613	0.509	0.234
413.213	0.484	0.147
413.814	0.459	0.157
414.414	0.462	0.244
415.015	0.527	0.33
415.616	0.499	0.361
416.216	0.415	0.293
416.817	0.555	0.171
417.417	0.477	0.148
418.018	0.393	0.215
418.619	0.682	0.293
419.219	0.735	0.414
419.82	0.719	0.499
420.42	0.935	0.485
421.021	0.71	0.45
421.622	0.639	0.353
422.222	0.805	0.253
422.823	0.711	0.293
423.423	0.829	0.418
424.024	0.76	0.544
424.625	0.691	0.534
425.225	0.505	0.355
425.826	0.5	0.103
426.426	0.48	-0.002
427.027	0.256	0.111
427.628	0.488	0.268
428.228	0.534	0.4
428.829	0.406	0.407
429.429	0.513	0.247
430.03	0.515	0.106
430.631	0.372	0.106
431.231	0.386	0.195
431.832	0.397	0.29
432.432	0.388	0.309
433.033	0.418	0.231
433.634	0.465	0.142
434.234	0.403	0.137
434.835	0.441	0.209
435.435	0.505	0.3
436.036	0.584	0.357
436.637	0.525	0.358
437.237	0.493	0.284
437.838	0.682	0.201
438.438	0.577	0.246
439.039	0.567	0.345
439.64	0.699	0.407
440.24	0.548	0.416
440.841	0.55	0.313
441.441	0.531	0.184
442.042	0.548	0.145
442.643	0.449	0.231
443.243	0.484	0.324
443.844	0.75	0.367
444.444	0.437	0.4
445.045	0.619	0.302
445.646	0.76	0.221
446.246	0.64	0.293
446.847	0.534	0.402
447.447	0.57	0.401
448.048	0.766	0.314
448.649	0.672	0.293
449.249	0.646	0.33
449.85	0.769	0.38
450.45	0.758	0.443
451.051	0.774	0.463
451.652	0.7	0.42
452.252	0.711	0.332
452.853	0.632	0.276
453.453	0.753	0.282
454.054	0.746	0.383
454.655	0.726	0.49
455.255	0.792	0.499
455.856	0.705	0.417
456.456	0.695	0.295
457.057	0.543	0.23
457.658	0.417	0.213
458.258	0.53	0.213
458.859	0.523	0.265
459.459	0.428	0.317
460.06	0.478	0.294
460.661	0.352	0.219
461.261	0.372	0.121
461.862	0.509	0.096
462.462	0.556	0.224
463.063	0.421	0.399
463.664	0.561	0.427
464.264	0.429	0.316
464.865	0.461	0.131
465.465	0.63	0.056
466.066	0.445	0.213
466.667	0.391	0.395
467.267	0.58	0.415
467.868	0.414	0.311
468.468	0.413	0.131
469.069	0.457	0.034
469.67	0.367	0.118
470.27	0.557	0.284
470.871	0.525	0.442
471.471	0.486	0.448
472.072	0.435	0.275
472.673	0.414	0.059
473.273	0.472	-0.007
473.874	0.477	0.157
474.474	0.503	0.406
475.075	0.671	0.53
475.676	0.664	0.478
476.276	0.493	0.294
476.877	0.569	0.095
477.477	0.261	0.057
478.078	0.434	0.118
478.679	0.577	0.276
479.279	0.506	0.447
479.88	0.616	0.461
480.48	0.504	0.333
481.081	0.556	0.152
481.682	0.472	0.092
482.282	0.389	0.175
482.883	0.572	0.301
483.483	0.473	0.407
484.084	0.66	0.385
484.685	0.53	0.307
485.285	0.547	0.215
485.886	0.643	0.191
486.486	0.697	0.3
487.087	0.616	0.459
487.688	0.636	0.496
488.288	0.58	0.377
488.889	0.389	0.187
489.489	0.368	0.025
490.09	0.347	0.017
490.691	0.272	0.156
491.291	0.374	0.287
491.892	0.363	0.328
492.492	0.33	0.242
493.093	0.46	0.101
493.694	0.35	0.075
494.294	0.292	0.151
494.895	0.457	0.241
495.495	0.421	0.319
496.096	0.385	0.304
496.697	0.433	0.2
497.297	0.248	0.11
497.898	0.285	0.049
498.498	0.32	0.078
499.099	0.338	0.192
499.7	0.303	0.286
500.3	0.315	0.266
500.901	0.334	0.152
501.502	0.266	0.054
502.102	0.301	0.044
502.703	0.258	0.134
503.303	0.29	0.23
503.904	0.33	0.251
504.505	0.401	0.2
505.105	0.483	0.16
505.706	0.335	0.19
506.306	0.44	0.222
506.907	0.453	0.251
507.508	0.568	0.276
508.108	0.403	0.303
508.709	0.507	0.255
509.309	0.467	0.211
509.91	0.233	0.182
510.511	0.654	0.136
511.111	0.352	0.236
511.712	0.353	0.304
512.312	0.571	0.273
512.913	0.293	0.242
513.514	0.285	0.142
514.114	0.355	0.052
514.715	0.302	0.079
515.315	0.407	0.188
515.916	0.437	0.315
516.517	0.322	0.355
517.117	0.292	0.227
517.718	0.342	0.036
518.318	0.16	-0.037
518.919	0.41	0.028
519.52	0.311	0.245
520.12	0.251	0.386
520.721	0.54	0.308
521.321	0.396	0.184
521.922	0.243	0.08
522.523	0.419	0.039
523.123	0.208	0.138
523.724	0.345	0.231
524.324	0.392	0.268
524.925	0.298	0.241
525.526	0.297	0.141
526.126	0.283	0.053
526.727	0.255	0.051
527.327	0.321	0.129
527.928	0.405	0.246
528.529	0.374	0.325
529.129	0.443	0.289
529.73	0.333	0.19
530.33	0.306	0.082
530.931	0.393	0.05
531.532	0.385	0.153
532.132	0.426	0.305
532.733	0.378	0.373
533.333	0.47	0.289
533.934	0.346	0.153
534.535	0.267	0.047
535.135	0.288	0.033
535.736	0.345	0.128
536.336	0.408	0.269
536.937	0.488	0.361
537.538	0.389	0.345
538.138	0.401	0.206
538.739	0.33	0.066
539.339	0.293	0.029
539.94	0.37	0.112
540.541	0.33	0.261
541.141	0.385	0.331
541.742	0.41	0.278
542.342	0.32	0.16
542.943	0.299	0.052
543.544	0.213	0.037
544.144	0.269	0.097
544.745	0.347	0.196
545.345	0.394	0.28
545.946	0.357	0.291
546.547	0.316	0.205
547.147	0.33	0.086
547.748	0.275	0.042
548.348	0.38	0.103
548.949	0.354	0.244
549.55	0.253	0.323
550.15	0.429	0.242
550.751	0.24	0.125
551.351	0.194	0.016
551.952	0.474	0.002
552.553	0.447	0.198
553.153	0.312	0.419
553.754	0.379	0.415
554.354	0.295	0.203
554.955	0.327	-0.047
555.556	0.361	-0.098
556.156	0.379	0.115
556.757	0.535	0.411
557.357	0.545	0.577
557.958	0.468	0.469
558.559	0.548	0.163
559.159	0.414	-0.042
559.76	0.421	-0.001
560.36	0.58	0.252
560.961	0.387	0.531
561.562	0.48	0.522
562.162	0.518	0.257
562.763	0.442	0.001
563.363	0.413	-0.04
563.964	0.434	0.157
564.565	0.46	0.416
565.165	0.563	0.521
565.766	0.331	0.396
566.366	0.499	0.09
566.967	0.376	-0.074
567.568	0.288	0.012
568.168	0.476	0.238
568.769	0.35	0.454
569.369	0.415	0.43
569.97	0.351	0.203
570.571	0.189	-0.046
571.171	0.288	-0.148
571.772	0.313	0.021
572.372	0.361	0.322
572.973	0.456	0.501
573.574	0.447	0.431
574.174	0.262	0.17
574.775	0.186	-0.11
575.375	0.148	-0.2
575.976	0.325	-0.02
576.577	0.221	0.318
577.177	0.282	0.477
577.778	0.423	0.338
578.378	0.169	0.07
578.979	0.241	-0.163
579.58	0.194	-0.137
580.18	0.08	0.1
580.781	0.334	0.301
581.381	0.28	0.367
581.982	0.265	0.234
582.583	0.271	0.018
583.183	0.088	-0.093
583.784	0.157	-0.06
584.384	0.145	0.097
584.985	0.244	0.239
585.586	0.326	0.277
586.186	0.197	0.205
586.787	0.283	0.053
587.387	0.167	-0.023
587.988	0.229	0.014
588.589	0.331	0.15
589.189	0.174	0.294
589.79	0.217	0.261
590.39	0.252	0.091
590.991	0.142	-0.048
591.592	0.138	-0.067
592.192	0.149	0.042
592.793	0.285	0.192
593.393	0.185	0.287
593.994	0.298	0.22
594.595	0.365	0.092
595.195	0.228	0.046
595.796	0.206	0.074
596.396	0.212	0.134
596.997	0.287	0.178
597.598	0.114	0.181
598.198	0.228	0.093
598.799	0.133	0.017
599.399	0.105	-0.009
600.0	0.309	0.036
